[gd_scene load_steps=10 format=2]

[ext_resource path="res://Player/Player.tscn" type="PackedScene" id=1]
[ext_resource path="res://Player/Player.gd" type="Script" id=2]
[ext_resource path="res://Terrain.tscn" type="PackedScene" id=3]
[ext_resource path="res://Target/Target.tscn" type="PackedScene" id=4]
[ext_resource path="res://Player/RayCast.gd" type="Script" id=5]
[ext_resource path="res://Target/Target.gd" type="Script" id=6]
[ext_resource path="res://NPC/NPC.tscn" type="PackedScene" id=7]

[sub_resource type="SphereMesh" id=1]
radius = 0.5
height = 1.0

[sub_resource type="SpatialMaterial" id=2]
albedo_color = Color( 1, 0, 0, 1 )
emission_enabled = true
emission = Color( 1, 0, 0, 1 )
emission_energy = 4.0
emission_operator = 0
emission_on_uv2 = false

[node name="Game" type="Spatial"]

[node name="Player" parent="." instance=ExtResource( 1 )]
transform = Transform( 1, 0, 0, 0, 1, 0, 0, 0, 1, 26.1626, 0.392326, -65.7251 )
script = ExtResource( 2 )

[node name="Pivot" type="Position3D" parent="Player"]

[node name="Camera" type="Camera" parent="Player/Pivot"]
transform = Transform( -1, 5.65818e-08, -3.20891e-07, 0, 0.984808, 0.173648, 3.25841e-07, 0.173648, -0.984808, 0, 5, -8 )

[node name="RayCast" type="RayCast" parent="Player/Pivot"]
transform = Transform( 1, 0, 0, 0, 1, 0, 0, 0, 1, 0, 3, 0 )
enabled = true
cast_to = Vector3( 0, 0, 100 )
script = ExtResource( 5 )

[node name="Reticule" type="Position3D" parent="Player/Pivot/RayCast"]
transform = Transform( 1, 0, 0, 0, 1, 0, 0, 0, 1, 0, 0, 50 )

[node name="MeshInstance" type="MeshInstance" parent="Player/Pivot/RayCast/Reticule"]
mesh = SubResource( 1 )
material/0 = SubResource( 2 )

[node name="lowpoly_scene" parent="." instance=ExtResource( 3 )]
transform = Transform( 3, 0, 0, 0, 3, 0, 0, 0, 3, 0.00742483, -0.0560093, 0.00644302 )

[node name="Target_Container" type="Spatial" parent="."]

[node name="Target" parent="Target_Container" instance=ExtResource( 4 )]
transform = Transform( 0.939693, 0, 0.34202, 0, 1, 0, -0.34202, 0, 0.939693, -27, 4, 9 )
script = ExtResource( 6 )

[node name="Target2" parent="Target_Container" instance=ExtResource( 4 )]
transform = Transform( 0.87998, 0, -0.47501, 0, 1, 0, 0.47501, 0, 0.87998, -37.484, 2.26898, -19.7814 )
script = ExtResource( 6 )

[node name="Target3" parent="Target_Container" instance=ExtResource( 4 )]
transform = Transform( 0.689179, 0.0725875, -0.720946, 0.12557, 0.967951, 0.217494, 0.713628, -0.240422, 0.657976, -20.885, 2.26898, -24.8423 )
script = ExtResource( 6 )

[node name="Target4" parent="Target_Container" instance=ExtResource( 4 )]
transform = Transform( 0.620956, 0, -0.783845, 0, 1, 0, 0.783845, 0, 0.620956, -1.00316, 3.32742, -20.9547 )
script = ExtResource( 6 )

[node name="Target5" parent="Target_Container" instance=ExtResource( 4 )]
transform = Transform( -0.936635, 0, -0.350306, 0, 1, 0, 0.350306, 0, -0.936635, 5.91607, 3.02358, -3.50575 )
script = ExtResource( 6 )

[node name="NPC" parent="." instance=ExtResource( 7 )]
